[17, 102]
[9, 16, 58]
[160, 178, 180, 183, 195, 205]
[16, 27, 135, 158, 203]
[16, 69, 96, 112, 134]
[144, 145, 154, 156, 162, 193, 199]
[17, 21, 160]
[28, 32, 67, 101, 170, 192]
[20, 147, 183]
[95, 142, 192]
[33, 53, 68, 95]
[18, 88, 129, 134, 191]
[114, 134, 154, 162, 182, 189, 203]
[47, 141]
[11, 102, 205]
[58, 64, 123, 186, 196]
[28, 29, 111, 194]
[61, 75, 95, 163, 185, 186]
[29, 63, 88, 129, 158, 174]
[60, 96, 104, 193, 205]
[72, 119, 131, 162, 209]
[40, 184]
[20, 21, 60, 67, 88, 129]
[30, 74, 157, 163, 169, 170]
[46, 100]
[22, 45, 62, 90, 91, 178]
[123, 146, 172, 211]
[6, 11, 46, 67, 93, 178]
[155, 173, 185, 190]
[19, 33, 93, 126, 140, 156, 164, 195]
[5, 10, 160]
[39, 66, 77, 83, 100, 123, 193, 196]
[133, 205]
[138, 149, 152, 199]
[28, 49, 86, 93, 121, 170]
[18, 94, 112, 202]
[42, 107, 117, 124, 155, 201, 205]
[69, 118, 197]
[14, 28, 42, 130, 134, 140, 177]
[19, 49, 70, 97, 100, 128, 132]
[25, 100, 101, 136]
[119, 165, 167, 196, 202]
[79, 119, 124, 125, 157, 186, 201]
[30, 54, 57, 76, 93, 142, 164, 209]
[29, 31, 42, 89, 95, 102, 108, 127, 136, 197]
[18, 97, 176]
[1, 47, 72, 114]
[2, 205]
[23, 58, 89, 92, 198, 205]
[74, 147, 159, 171, 188, 196, 197]
[27, 28, 90, 144, 159, 190, 194]
[17, 20, 135, 153]
[58, 122, 124, 146, 152, 177, 192, 194]
[29, 95, 142]
[53, 180, 186]
[8, 69, 74, 81, 116, 173]
[17, 31, 44, 136, 155, 184, 200]
[0, 46, 143, 161, 169]
[62, 99, 113, 131, 136, 155, 188, 191]
[168, 176, 181, 191, 193, 200, 207, 211]
[19, 183, 189]
[33, 59, 71, 80, 151, 157, 165, 201, 203, 204]
[198, 200, 204, 208, 210]
[36, 59, 61, 113, 122, 135, 163, 173]
[13, 62, 70, 81, 112, 142, 168]
[49, 51, 79, 88, 131, 159, 199]
[65, 81, 112, 134, 189]
[4, 65, 95, 110, 138, 174, 204]
[62, 201, 209]
[3, 72, 84, 87, 177]
[30, 134, 180]
[13, 29, 59, 79, 104, 158, 171, 209]
[45, 48, 110, 140, 192, 209]
[44, 48, 186, 196, 206]
[16, 30, 163, 173, 185]
[75, 102, 137, 162, 175, 179]
[92, 94, 115, 119, 194]
[0, 32, 140, 141, 156, 163, 172, 200, 203]
[132, 160, 172, 210]
[101, 153, 164, 166, 182]
[63, 76, 82, 127]
[44, 64, 95]
[15, 57, 69, 98, 110, 159]
[42, 120, 134, 162, 188]
[66, 91, 175]
[174, 177, 179, 201, 206]
[23, 32, 74, 96, 194]
[1, 3, 124, 152]
[57, 134, 185]
[4, 20, 75, 148, 165]
[75, 96, 120, 163, 184, 187]
[72, 89, 121, 126, 175, 187]
[31, 105, 159, 187]
[80, 94, 132, 153, 161, 163, 177, 197]
[11, 18, 40, 45, 184, 206]
[68, 120, 128, 143, 161, 168, 192]
[6, 28, 45, 114, 148]
[44, 94, 109, 154, 184, 200, 207]
[55, 118, 137]
[39, 61, 71, 188]
[0, 88, 121, 209]
[10, 58, 98, 162, 197]
[0, 2, 7]
[102, 166, 167, 170, 190, 192]
[16, 29, 67]
[42, 48, 68, 94, 104, 122, 153, 169, 193, 208]
[34, 77, 98, 125, 158, 206]
[85, 96, 133, 151, 187, 198]
[61, 171]
[28, 42, 50, 178]
[5, 16, 54, 83, 195, 211]
[106, 143, 170, 179]
[5, 97, 181]
[21, 25, 82, 84, 103, 145, 148]
[93, 122, 137, 169, 188, 196]
[43, 73, 79, 103, 157, 158]
[46, 115, 118, 200]
[31, 43, 122, 140, 200]
[84, 110, 147, 185, 203]
[9, 104, 136]
[1, 67, 106, 205]
[85, 86, 116, 122, 128, 156, 164, 193, 196]
[24, 38, 47, 130, 160]
[43, 114, 155, 189]
[3, 32, 57, 121, 183, 207]
[109, 141, 201, 208]
[31, 34, 94, 101, 111, 128, 176]
[17, 137, 195]
[57, 91, 105, 201]
[52, 57, 89, 108, 111, 133]
[49, 79, 93, 97, 156, 169, 193]
[17, 37, 129, 176]
[103, 113, 125, 129, 140, 158, 207]
[68, 139, 185, 189]
[69, 135, 147, 168, 171, 204]
[58, 145, 169]
[10, 94, 119, 156, 192]
[22, 51, 116, 127, 137, 175, 194, 198, 209]
[50, 106]
[34, 81, 85]
[6, 23, 50, 205]
[10, 67, 100, 176]
[66, 68, 93, 105, 113, 185, 186]
[12, 51, 71]
[37, 64, 120]
[18, 63, 66, 68, 82, 110, 149, 200]
[46, 69, 99, 122, 155, 202]
[18, 37, 38, 80, 88, 111, 146, 181]
[44, 50]
[9, 94, 127, 145, 146, 151, 192]
[62, 79, 122, 165]
[30, 127, 139, 143, 179, 195]
[57, 59, 139, 166, 175]
[41, 52, 144, 206, 207]
[65, 77, 182, 187]
[3, 17]
[4, 26, 70, 119, 123, 189]
[24, 76, 111, 185, 203]
[19, 57, 158, 170, 198]
[60]
[43, 47, 119, 126, 149, 172]
[2, 80, 99, 130, 164, 181]
[14, 98, 171, 188, 205]
[21, 140, 211]
[93, 121, 194, 203]
[24, 113, 141, 208]
[7, 192, 202]
[130, 134, 148, 150, 168, 199]
[89, 159, 202, 211]
[19, 52, 71, 98, 109, 152, 160]
[56, 77, 131, 164, 190]
[70, 161, 162, 189, 195]
[25, 80, 111, 120, 127]
[5, 33, 58, 84, 180]
[60, 90, 150, 180]
[1, 9, 35, 101, 111, 130, 134, 147]
[117, 138, 198, 202]
[64, 97, 155, 160, 172, 184, 207]
[22, 82, 86, 149, 168]
[8, 34, 59, 71, 93, 192]
[36, 38, 83, 99, 138, 206]
[61, 107, 144, 151, 197]
[43, 106, 175, 181]
[18, 36, 125, 141]
[4, 210]
[59, 108, 128, 135]
[0, 20, 32, 45, 110]
[0, 17, 76, 110, 127, 139]
[35, 43, 44, 83, 90, 99]
[22, 142, 197]
[1, 2, 18, 70, 105, 183]
[16, 42, 65, 75, 115]
[12, 53, 73, 120, 196]
[48, 112, 117, 152, 176]
[19, 60, 107]
[74, 78, 87, 103, 158, 184, 198, 211]
[16, 57, 151, 156, 159]
[7, 63, 128]
[183, 188, 209]
[26, 35, 91, 112]
