[57, 77, 100, 102, 186, 187]
[46, 87, 120, 175, 190]
[47, 102, 161, 190]
[69, 87, 124, 155]
[67, 89, 156, 184]
[30, 110, 112, 173]
[27, 96, 140]
[102, 166, 197]
[55, 179]
[1, 119, 149, 175]
[30, 101, 136, 141]
[14, 27, 94]
[143, 192]
[64, 71]
[38, 162]
[82]
[1, 3, 4, 74, 104, 110, 191, 196]
[0, 6, 51, 56, 127, 131, 155, 187]
[11, 35, 45, 94, 145, 147, 183, 190]
[29, 39, 60, 158, 169, 194]
[8, 22, 51, 89, 186]
[6, 22, 113, 163]
[25, 137, 178, 189]
[48, 86, 140]
[122, 157, 165]
[40, 113, 172]
[156, 199]
[3, 50]
[7, 16, 34, 38, 50, 96, 109]
[16, 18, 44, 53, 71, 104]
[23, 43, 70, 74, 151]
[44, 56, 92, 117, 126]
[7, 77, 86, 124, 186]
[10, 29, 61, 173]
[106, 126, 139, 179]
[175, 188, 199]
[63, 180, 183]
[131, 144, 147]
[122, 147, 180]
[31, 99]
[21, 94]
[153]
[36, 38, 44, 83, 105, 109, 191]
[115, 117, 123, 160, 182, 188]
[56, 73, 81, 97, 148, 188]
[25, 72, 94, 96, 186]
[24, 27, 57, 116, 146]
[13, 46, 122, 160]
[72, 73, 105, 193]
[34, 39, 65, 130]
[109, 138, 140, 148]
[65, 137, 143]
[129, 153, 169]
[10, 54, 192]
[43, 110]
[98]
[170]
[43, 82, 88, 124, 128, 129, 152, 158, 196]
[1, 15, 48, 52, 101, 135, 173]
[61, 63, 71, 152, 179, 185]
[19, 22, 159, 174, 194]
[17, 63, 99, 108, 181]
[25, 58, 64, 68, 150]
[18, 80, 145, 197]
[15, 81, 144, 177]
[66, 67, 154, 191]
[31, 84, 142, 145]
[7, 22, 27, 104, 120, 141]
[10, 95, 105, 133, 142, 145]
[4, 37, 55, 82, 134, 146]
[39, 64, 156, 171, 190]
[61, 99, 143, 169, 179]
[20, 46, 69, 91]
[115, 192]
[23, 49, 55, 86, 195]
[17, 75, 89, 90, 191]
[43, 80, 157, 187]
[31, 106, 154, 170]
[195]
[42, 65, 71, 115, 130, 150]
[61, 93, 147, 161, 172]
[55, 64, 66, 139]
[80, 113, 145, 178]
[31, 110, 180, 188]
[69, 113, 118, 173]
[107, 121, 139]
[34, 121, 178]
[69, 195]
[11, 18, 22, 65, 100, 147]
[44, 48, 91, 129, 168]
[25, 50, 174, 188]
[25, 84, 128, 199]
[48, 76]
[27, 29, 34, 43, 114, 130, 142, 164, 179]
[35, 76, 93, 97, 105, 126, 136, 149]
[9, 10, 17, 44, 53, 67, 81]
[4, 19, 86, 90, 107]
[39, 45, 112, 130, 177]
[82, 101, 106, 162, 169]
[58, 146, 161, 180, 188]
[24, 31, 39, 40, 141]
[7, 40, 79, 126, 175]
[0, 14, 44, 75, 103]
[113, 115, 132, 195]
[19, 71, 105, 119]
[92, 128, 142, 190]
[111, 120, 138, 182]
[36, 181, 194]
[44, 129, 185]
[97, 125, 169]
[67, 72, 82, 118, 145, 186, 187]
[16, 126, 129, 147, 157, 172, 175]
[4, 35, 64, 66, 193, 199]
[58, 63, 132, 142, 165]
[12, 46, 96, 123]
[76, 116, 191]
[55, 121, 137]
[36, 176, 193]
[37, 98, 116]
[20, 41, 42, 76, 136, 156, 160]
[83, 90, 95, 144, 172, 192]
[34, 91, 100, 124, 164]
[52, 63, 105, 114, 117, 121, 146, 150]
[15, 26, 31, 156]
[36, 42, 52, 87]
[42, 106, 132, 183]
[29, 91, 160]
[44, 80, 137, 149, 151, 172, 187]
[39, 95, 121, 126, 185, 197]
[11, 18, 22, 131, 132]
[38, 122, 161, 167, 175]
[20, 58, 65, 170]
[39, 78, 93]
[32, 107, 129]
[4, 11, 12, 38, 66, 70, 83, 88, 167, 175]
[3, 51, 63, 134, 185]
[40, 44, 56, 58, 119]
[75, 98, 114, 127, 137]
[33, 67, 176, 180]
[133, 151, 152, 187]
[29, 38, 72, 77, 117, 132, 163]
[13, 77, 125, 165, 183]
[9, 43, 53, 64, 189]
[57, 95, 111, 151]
[5, 50, 153, 181]
[5, 113, 135, 149]
[26, 52, 147, 149]
[8, 49, 118, 134, 175]
[89, 96, 113, 167]
[33, 145, 160, 178]
[167, 174]
[61, 107, 149, 181, 196]
[33, 52, 87, 169, 193]
[51, 79, 93, 105]
[5, 12, 97]
[28, 36, 56, 58, 123, 146, 177]
[5, 29, 77, 121, 130, 136, 196]
[23, 42, 61, 115]
[3, 18, 71, 106, 115, 132, 158, 195]
[49, 50, 65, 82, 92, 168, 196]
[2, 6, 30, 78, 122, 169, 177]
[57, 93, 95, 171]
[5, 12, 20, 75, 83, 101, 171]
[17, 23, 63, 74, 77, 90, 93]
[29, 43, 79, 121, 161, 170]
[41, 61, 89, 150]
[79, 103, 152]
[41, 103]
[59, 64, 95, 134, 167, 178]
[23, 57, 105, 114, 130, 135]
[7, 23, 34, 103, 111, 158]
[49, 71, 108, 134, 162]
[26, 77, 78, 160, 177]
[28, 55, 63, 74]
[18, 67, 85]
[75, 84, 91, 137, 152, 182]
[45, 59, 126, 131, 141, 193]
[38, 52, 69, 85, 93]
[2, 25, 27, 109]
[75, 85, 111, 151]
[2, 54, 70, 173, 174]
[59, 112, 147, 161, 182]
[12, 79, 154]
[2, 8, 60, 124, 190, 198]
[21, 56, 90, 94, 97, 177, 195]
[17, 28, 74, 88, 118, 133, 142, 157]
[15, 17, 42, 54, 73, 142]
[90, 91, 92, 107, 154]
[49, 58, 83, 99, 114, 162, 198]
[12, 60, 66, 123, 133, 156, 171]
[28, 50, 103, 170]
[11, 58, 59]
[7, 9, 52, 72, 95, 103, 136, 149, 166, 179]
[5, 19, 31, 59, 105, 121, 130]
[16, 50, 52, 76, 86, 137, 164]
[2, 29, 110, 127, 151, 171]
[15, 31, 41, 49, 73, 114, 121, 192]
[37, 44, 49, 93, 101, 181, 189]
[48, 62, 107, 137, 158, 176, 195]
[5, 33, 65, 167]
[56, 59, 62, 77, 97, 116, 117, 145]
[36, 42, 61, 68, 85, 125, 128]
[35, 41, 146, 166, 168, 176]
[3, 12, 61, 77, 118, 157, 164]
[61, 62, 67, 134]
[2, 14, 19, 32, 36, 47, 48, 120, 140, 162]
[73, 85, 94, 106, 153, 180]
[59, 97, 124, 132, 153, 177]
[62, 105, 125, 165]
[20, 43, 68, 71, 72, 100, 137, 198]
[62, 78, 184]
[26, 59, 110, 163, 168, 195]
