[83, 149]
[21, 43, 87, 162]
[1, 97, 127, 163]
[1, 107]
[17, 73, 77, 98, 136]
[13, 47, 70]
[70, 111, 167]
[102, 126, 156, 157]
[49, 54, 114, 154, 159]
[2, 5, 59, 88, 121, 140, 156]
[60, 100, 157, 167]
[2, 23, 28, 41, 55, 99, 114, 164]
[13, 114]
[62, 87, 155]
[45, 109, 125, 141]
[78]
[5, 16, 32, 97, 140]
[0, 72, 86, 104, 123]
[14, 96]
[35, 107, 121, 141]
[40, 94, 107, 125, 142]
[52, 72, 98, 131, 158]
[15, 18, 58, 61, 74, 77]
[91, 95, 111, 118, 140, 146]
[67, 100, 104, 124, 132, 135]
[27, 48, 136]
[34, 116, 145]
[11]
[31, 33, 61, 64, 87, 91]
[65, 97, 154, 156]
[10, 44, 103, 118]
[0, 16, 19, 76, 134]
[10]
[113, 155, 157]
[37, 39, 146, 151]
[15, 34, 97]
[83, 146, 153]
[58, 61, 86, 163]
[7, 75, 115, 151, 160]
[40, 72, 122]
[36, 42, 66, 122, 156]
[103, 154]
[69, 106, 141]
[34, 40, 60, 92, 146]
[17, 133]
[18, 104, 134]
[13, 28, 107]
[69, 148]
[12, 60]
[42, 139]
[20, 75, 105, 131, 145, 152]
[70, 161]
[19, 29, 98, 130, 163]
[102, 104, 107, 130, 131, 161]
[56, 104]
[70, 81, 93, 112, 134]
[98, 152, 166]
[109, 121, 147]
[77, 127, 147]
[25]
[12, 13, 18, 20, 165]
[82, 88, 117, 129, 165, 167]
[43, 74, 115, 140]
[29, 66, 110, 116, 124, 134]
[7, 13, 49, 61, 82, 167]
[16, 35, 72, 162]
[27, 131]
[27, 55, 70, 109]
[90, 158]
[51, 60, 134, 163]
[39, 108, 128, 141, 148]
[12, 86, 97, 164]
[20, 157]
[48, 167]
[0, 29, 71, 105]
[0, 3, 17, 28, 46, 47, 124, 165]
[17, 97]
[6, 31, 41, 104]
[12, 84, 138]
[57, 94, 95]
[23, 24, 66]
[8, 23, 71, 160]
[81, 104]
[12, 43, 67, 141, 154]
[56, 84, 85]
[4, 30, 106, 125, 166]
[144, 155, 166]
[38, 53, 71, 86, 120, 153, 160]
[19, 29, 79, 104]
[41, 53, 124, 144]
[50, 152]
[6, 27, 128, 151]
[60, 93, 111]
[9, 39, 74]
[5, 76, 133]
[5, 40, 78, 131, 132, 139, 150]
[12, 58, 74, 159]
[2]
[87, 93, 97, 160, 163, 164]
[18, 68, 86, 126]
[46, 163]
[3, 83, 109, 133, 163, 165]
[73, 119, 143]
[28]
[71, 91, 106, 124]
[4, 72, 74, 158]
[0, 71, 90, 98]
[1, 65, 82, 100, 117]
[8]
[1, 2, 73, 114, 125]
[57, 76, 102, 125]
[44, 47, 132]
[81, 119, 135, 160]
[60, 61, 70, 80, 82, 155]
[83, 115, 133, 156, 161]
[52, 105, 129]
[31, 129]
[3, 28, 92, 148, 150]
[63, 165]
[19, 137, 148]
[15, 32, 48, 80, 115, 123, 128, 142, 152]
[16, 34]
[89, 121, 150]
[92, 105, 158]
[33, 75, 123, 158]
[91, 164]
[27, 127]
[2, 29, 33, 36, 140, 162]
[10, 52, 114]
[54, 114, 117, 138]
[68]
[43, 63]
[9, 26, 162]
[69, 150, 163]
[56, 69, 77]
[31, 39, 71, 99, 104, 105, 115, 126]
[85, 96, 142, 144]
[1, 101, 165]
[69, 99]
[30, 45, 73, 74, 106, 161]
[32, 54, 105, 118, 132, 142]
[8, 126, 135]
[44, 45, 52, 105, 108, 110, 115]
[55, 84, 164]
[25, 72, 108, 123]
[14, 54]
[54, 91, 101, 131, 152, 155]
[42, 167]
[46, 62, 143, 147]
[52, 123]
[27, 53, 80, 107, 110, 122, 150]
[37, 85, 164]
[26, 92, 108, 126]
[2, 80, 101, 148]
[78, 138, 159]
[75, 111, 119, 128]
[42, 99]
[98, 122, 160]
[32, 95, 132, 155]
[1, 4, 41, 100, 116]
[73, 130, 141]
[106]
[50, 65, 72]
[6, 13, 64, 140, 148]
[53, 57, 63, 69, 114, 140]
[12, 45, 69, 104, 135]
[15, 22, 43, 143]
[116, 136, 156]
[22, 108]
[21, 33, 165]
[53, 55, 112, 132]
[62, 64, 79, 140, 152]
[110, 123, 133, 166]
[162, 164, 165, 167]
[3, 24, 53, 62, 64, 79, 104, 136, 137]
[40, 147, 159]
[40, 105, 122, 149]
[56, 94, 129]
[120, 122, 137, 138, 151, 153, 166]
[4, 41, 75, 142]
[1, 42, 88]
[44]
[21, 73, 106]
[106, 121, 143]
[25, 30, 76, 121, 130, 154]
[9]
[81, 131]
[7, 112, 140, 153]
[39, 150]
[0, 150]
[22, 51, 69, 93]
[24, 41, 109, 131, 166]
[127, 139, 148, 149, 155, 159]
[59, 114, 116, 146, 151, 161]
[39, 101, 105]
[0, 52, 92, 132, 157, 165]
[14, 30, 63, 99]
[145, 163]
[0, 14, 70, 71, 80, 89]
[35, 81, 105]
