[17, 31, 74, 75, 106, 189, 195, 198]
[2, 3, 107, 109, 137, 159, 180]
[9, 11, 97, 109, 127, 153]
[75, 101, 117, 174]
[85, 105, 159, 179]
[9, 16, 94, 95]
[77, 91, 163]
[38, 64, 187]
[81, 108, 141]
[93, 132, 185]
[30, 32, 128]
[27]
[48, 60, 71, 78, 83, 96, 165]
[5, 12, 46, 60, 64, 163]
[18, 145, 196, 198]
[22, 35, 120, 166]
[16, 31, 65, 121]
[4, 44, 75, 76]
[22, 45, 60, 99]
[31, 52, 88, 119]
[50, 60, 72]
[1, 169, 182]
[166, 168, 190]
[11, 80, 81]
[80, 174, 191]
[59, 144, 184]
[132, 152]
[25, 66, 67, 91, 126, 150]
[11, 46, 75, 103, 117]
[52, 63, 74, 88, 127]
[85, 139, 184, 196]
[28, 77, 116, 135]
[16, 120, 140, 158]
[28, 124, 127, 169]
[26, 35, 43, 121]
[19, 65, 199]
[40, 127]
[34, 151]
[87]
[34, 70, 93, 135, 188, 194]
[20, 39, 43, 95, 175, 176]
[11, 77, 89, 159, 179, 191]
[40, 49, 147, 156, 180]
[1, 62, 83, 131, 166]
[30, 111, 142, 181]
[14, 139, 142, 165]
[75, 100, 148]
[5, 75, 111]
[25, 73, 120]
[8, 64]
[90, 162]
[69, 190]
[21, 115, 128, 142, 149, 195]
[87, 89, 150, 164, 170, 174]
[8, 129, 140, 145, 146]
[11, 67, 143, 170]
[54, 84, 134, 177]
[79, 110, 164]
[22, 37, 96]
[9, 193]
[10, 43, 48, 69, 92, 113]
[22, 28, 37, 64, 113]
[13, 148, 171, 174]
[118, 131, 164, 196]
[28, 163, 171, 174]
[29, 107, 162]
[40, 63, 80]
[24, 83]
[99, 130]
[42, 47, 133, 134, 138, 164, 165, 190]
[5, 6, 51, 55, 67, 113, 198]
[74, 81, 87, 104, 106, 135, 198]
[17, 21, 39, 65, 105, 144, 162]
[4, 102, 109, 139, 160, 182]
[22, 62, 93, 96, 105, 139]
[38, 50, 124, 155, 179]
[31, 94, 110, 184]
[4, 22, 58, 134]
[15, 95, 154]
[88, 171, 174]
[113, 120, 150, 153, 198]
[55, 82, 112, 186, 199]
[61, 64, 107, 113]
[0, 36, 101, 114]
[78, 84, 143]
[84, 136, 151]
[17, 37, 71, 87, 99]
[1, 13, 28, 98]
[9, 61, 180]
[122, 198]
[68, 106]
[23, 28, 104, 125, 146]
[43, 117, 123, 152, 195]
[55, 92, 98, 190]
[20, 79, 177]
[23, 79, 158]
[18, 136]
[2, 16, 29, 35, 71, 76, 98]
[4, 21, 52, 56, 106, 157]
[11, 135, 138, 156, 196]
[10, 24, 107, 159]
[137, 146, 153, 194]
[7, 53, 110]
[30, 41]
[17, 24, 45, 53, 54, 77, 82, 88, 135, 165, 174]
[50, 74, 115, 123, 135, 140, 142, 176, 194, 199]
[42, 85, 104, 139, 161, 182, 183]
[3, 19, 20, 46, 53, 150]
[70, 142, 144, 152, 168]
[14, 57, 67, 101, 191]
[63, 142, 150, 172]
[6, 23, 92, 155]
[55, 170, 187]
[33]
[8, 11, 12, 109, 128, 129, 164, 193]
[38, 62, 114, 120, 135, 142]
[26, 63, 159, 167, 193]
[61, 107, 129]
[23, 30, 140]
[102, 112, 155]
[87, 178]
[9, 19, 57, 122, 183, 184]
[39, 40, 150, 157, 176, 178]
[17, 120, 124, 144, 149, 172]
[24, 63, 75, 89, 104]
[14, 20, 85, 109, 110]
[7, 99, 135, 141, 152]
[2, 58, 126, 192]
[70, 91, 120, 155]
[61, 115, 116, 177]
[52, 53, 160, 184]
[21, 50, 53, 66, 95, 146, 186, 191]
[24, 95, 111, 140, 158, 170, 195]
[44, 94, 101, 114, 172]
[31, 45, 55, 63, 69]
[24, 112, 141, 165]
[4, 25, 167, 174]
[119, 174, 178]
[78, 129, 154, 178]
[49, 95, 192]
[9, 16, 23, 62, 127, 163, 164, 171, 187]
[14, 19, 42, 70, 83, 160]
[20, 120, 136, 140, 179]
[102, 148, 166, 183]
[86, 89, 136]
[26, 50, 197]
[23, 34, 36, 43, 193]
[57, 58, 148, 175]
[47, 70, 117, 119, 153, 163, 192]
[0, 176, 192]
[95, 117, 122, 133, 150, 188, 189]
[34, 38, 91, 178, 193]
[50, 56, 90, 120, 146, 171]
[36, 87, 178, 187]
[8, 29, 41, 83, 184]
[13, 33, 86, 113, 146, 158, 192]
[7, 9, 29, 40, 114, 167]
[7, 10, 33, 72, 195]
[21, 68, 105, 123, 124]
[8, 96, 154, 175, 192]
[38, 81, 87, 98, 112, 157]
[51, 53, 114, 139, 193]
[1, 65, 127, 132, 173]
[2, 37, 52, 69, 98, 100, 101, 133, 197]
[11, 71, 98, 125, 143, 151, 173]
[60, 61, 75, 101, 118, 137, 169, 173, 195]
[56, 85, 86, 172, 178, 191]
[6, 10, 61, 64, 73, 147, 173]
